T = 800;
p = 8;
